,Left_Weight,Left_Distance,Right_Weight,Right_Distance,target
0,0.0,0.0,0.0,0.0,B
1,0.0,0.0,0.0,0.25,R
2,0.0,0.0,0.0,0.5,R
3,0.0,0.0,0.0,0.75,R
4,0.0,0.0,0.0,1.0,R
5,0.0,0.0,0.25,0.0,R
6,0.0,0.0,0.25,0.25,R
7,0.0,0.0,0.25,0.5,R
8,0.0,0.0,0.25,0.75,R
9,0.0,0.0,0.25,1.0,R
10,0.0,0.0,0.5,0.0,R
11,0.0,0.0,0.5,0.25,R
12,0.0,0.0,0.5,0.5,R
13,0.0,0.0,0.5,0.75,R
14,0.0,0.0,0.5,1.0,R
15,0.0,0.0,0.75,0.0,R
16,0.0,0.0,0.75,0.25,R
17,0.0,0.0,0.75,0.5,R
18,0.0,0.0,0.75,0.75,R
19,0.0,0.0,0.75,1.0,R
20,0.0,0.0,1.0,0.0,R
21,0.0,0.0,1.0,0.25,R
22,0.0,0.0,1.0,0.5,R
23,0.0,0.0,1.0,0.75,R
24,0.0,0.0,1.0,1.0,R
25,0.0,0.25,0.0,0.0,L
26,0.0,0.25,0.0,0.25,B
27,0.0,0.25,0.0,0.5,R
28,0.0,0.25,0.0,0.75,R
29,0.0,0.25,0.0,1.0,R
30,0.0,0.25,0.25,0.0,B
31,0.0,0.25,0.25,0.25,R
32,0.0,0.25,0.25,0.5,R
33,0.0,0.25,0.25,0.75,R
34,0.0,0.25,0.25,1.0,R
35,0.0,0.25,0.5,0.0,R
36,0.0,0.25,0.5,0.25,R
37,0.0,0.25,0.5,0.5,R
38,0.0,0.25,0.5,0.75,R
39,0.0,0.25,0.5,1.0,R
40,0.0,0.25,0.75,0.0,R
41,0.0,0.25,0.75,0.25,R
42,0.0,0.25,0.75,0.5,R
43,0.0,0.25,0.75,0.75,R
44,0.0,0.25,0.75,1.0,R
45,0.0,0.25,1.0,0.0,R
46,0.0,0.25,1.0,0.25,R
47,0.0,0.25,1.0,0.5,R
48,0.0,0.25,1.0,0.75,R
49,0.0,0.25,1.0,1.0,R
50,0.0,0.5,0.0,0.0,L
51,0.0,0.5,0.0,0.25,L
52,0.0,0.5,0.0,0.5,B
53,0.0,0.5,0.0,0.75,R
54,0.0,0.5,0.0,1.0,R
55,0.0,0.5,0.25,0.0,L
56,0.0,0.5,0.25,0.25,R
57,0.0,0.5,0.25,0.5,R
58,0.0,0.5,0.25,0.75,R
59,0.0,0.5,0.25,1.0,R
60,0.0,0.5,0.5,0.0,B
61,0.0,0.5,0.5,0.25,R
62,0.0,0.5,0.5,0.5,R
63,0.0,0.5,0.5,0.75,R
64,0.0,0.5,0.5,1.0,R
65,0.0,0.5,0.75,0.0,R
66,0.0,0.5,0.75,0.25,R
67,0.0,0.5,0.75,0.5,R
68,0.0,0.5,0.75,0.75,R
69,0.0,0.5,0.75,1.0,R
70,0.0,0.5,1.0,0.0,R
71,0.0,0.5,1.0,0.25,R
72,0.0,0.5,1.0,0.5,R
73,0.0,0.5,1.0,0.75,R
74,0.0,0.5,1.0,1.0,R
75,0.0,0.75,0.0,0.0,L
76,0.0,0.75,0.0,0.25,L
77,0.0,0.75,0.0,0.5,L
78,0.0,0.75,0.0,0.75,B
79,0.0,0.75,0.0,1.0,R
80,0.0,0.75,0.25,0.0,L
81,0.0,0.75,0.25,0.25,B
82,0.0,0.75,0.25,0.5,R
83,0.0,0.75,0.25,0.75,R
84,0.0,0.75,0.25,1.0,R
85,0.0,0.75,0.5,0.0,L
86,0.0,0.75,0.5,0.25,R
87,0.0,0.75,0.5,0.5,R
88,0.0,0.75,0.5,0.75,R
89,0.0,0.75,0.5,1.0,R
90,0.0,0.75,0.75,0.0,B
91,0.0,0.75,0.75,0.25,R
92,0.0,0.75,0.75,0.5,R
93,0.0,0.75,0.75,0.75,R
94,0.0,0.75,0.75,1.0,R
95,0.0,0.75,1.0,0.0,R
96,0.0,0.75,1.0,0.25,R
97,0.0,0.75,1.0,0.5,R
98,0.0,0.75,1.0,0.75,R
99,0.0,0.75,1.0,1.0,R
100,0.0,1.0,0.0,0.0,L
101,0.0,1.0,0.0,0.25,L
102,0.0,1.0,0.0,0.5,L
103,0.0,1.0,0.0,0.75,L
104,0.0,1.0,0.0,1.0,B
105,0.0,1.0,0.25,0.0,L
106,0.0,1.0,0.25,0.25,L
107,0.0,1.0,0.25,0.5,R
108,0.0,1.0,0.25,0.75,R
109,0.0,1.0,0.25,1.0,R
110,0.0,1.0,0.5,0.0,L
111,0.0,1.0,0.5,0.25,R
112,0.0,1.0,0.5,0.5,R
113,0.0,1.0,0.5,0.75,R
114,0.0,1.0,0.5,1.0,R
115,0.0,1.0,0.75,0.0,L
116,0.0,1.0,0.75,0.25,R
117,0.0,1.0,0.75,0.5,R
118,0.0,1.0,0.75,0.75,R
119,0.0,1.0,0.75,1.0,R
120,0.0,1.0,1.0,0.0,B
121,0.0,1.0,1.0,0.25,R
122,0.0,1.0,1.0,0.5,R
123,0.0,1.0,1.0,0.75,R
124,0.0,1.0,1.0,1.0,R
125,0.25,0.0,0.0,0.0,L
126,0.25,0.0,0.0,0.25,B
127,0.25,0.0,0.0,0.5,R
128,0.25,0.0,0.0,0.75,R
129,0.25,0.0,0.0,1.0,R
130,0.25,0.0,0.25,0.0,B
131,0.25,0.0,0.25,0.25,R
132,0.25,0.0,0.25,0.5,R
133,0.25,0.0,0.25,0.75,R
134,0.25,0.0,0.25,1.0,R
135,0.25,0.0,0.5,0.0,R
136,0.25,0.0,0.5,0.25,R
137,0.25,0.0,0.5,0.5,R
138,0.25,0.0,0.5,0.75,R
139,0.25,0.0,0.5,1.0,R
140,0.25,0.0,0.75,0.0,R
141,0.25,0.0,0.75,0.25,R
142,0.25,0.0,0.75,0.5,R
143,0.25,0.0,0.75,0.75,R
144,0.25,0.0,0.75,1.0,R
145,0.25,0.0,1.0,0.0,R
146,0.25,0.0,1.0,0.25,R
147,0.25,0.0,1.0,0.5,R
148,0.25,0.0,1.0,0.75,R
149,0.25,0.0,1.0,1.0,R
150,0.25,0.25,0.0,0.0,L
151,0.25,0.25,0.0,0.25,L
152,0.25,0.25,0.0,0.5,L
153,0.25,0.25,0.0,0.75,B
154,0.25,0.25,0.0,1.0,R
155,0.25,0.25,0.25,0.0,L
156,0.25,0.25,0.25,0.25,B
157,0.25,0.25,0.25,0.5,R
158,0.25,0.25,0.25,0.75,R
159,0.25,0.25,0.25,1.0,R
160,0.25,0.25,0.5,0.0,L
161,0.25,0.25,0.5,0.25,R
162,0.25,0.25,0.5,0.5,R
163,0.25,0.25,0.5,0.75,R
164,0.25,0.25,0.5,1.0,R
165,0.25,0.25,0.75,0.0,B
166,0.25,0.25,0.75,0.25,R
167,0.25,0.25,0.75,0.5,R
168,0.25,0.25,0.75,0.75,R
169,0.25,0.25,0.75,1.0,R
170,0.25,0.25,1.0,0.0,R
171,0.25,0.25,1.0,0.25,R
172,0.25,0.25,1.0,0.5,R
173,0.25,0.25,1.0,0.75,R
174,0.25,0.25,1.0,1.0,R
175,0.25,0.5,0.0,0.0,L
176,0.25,0.5,0.0,0.25,L
177,0.25,0.5,0.0,0.5,L
178,0.25,0.5,0.0,0.75,L
179,0.25,0.5,0.0,1.0,L
180,0.25,0.5,0.25,0.0,L
181,0.25,0.5,0.25,0.25,L
182,0.25,0.5,0.25,0.5,B
183,0.25,0.5,0.25,0.75,R
184,0.25,0.5,0.25,1.0,R
185,0.25,0.5,0.5,0.0,L
186,0.25,0.5,0.5,0.25,B
187,0.25,0.5,0.5,0.5,R
188,0.25,0.5,0.5,0.75,R
189,0.25,0.5,0.5,1.0,R
190,0.25,0.5,0.75,0.0,L
191,0.25,0.5,0.75,0.25,R
192,0.25,0.5,0.75,0.5,R
193,0.25,0.5,0.75,0.75,R
194,0.25,0.5,0.75,1.0,R
195,0.25,0.5,1.0,0.0,L
196,0.25,0.5,1.0,0.25,R
197,0.25,0.5,1.0,0.5,R
198,0.25,0.5,1.0,0.75,R
199,0.25,0.5,1.0,1.0,R
200,0.25,0.75,0.0,0.0,L
201,0.25,0.75,0.0,0.25,L
202,0.25,0.75,0.0,0.5,L
203,0.25,0.75,0.0,0.75,L
204,0.25,0.75,0.0,1.0,L
205,0.25,0.75,0.25,0.0,L
206,0.25,0.75,0.25,0.25,L
207,0.25,0.75,0.25,0.5,L
208,0.25,0.75,0.25,0.75,B
209,0.25,0.75,0.25,1.0,R
210,0.25,0.75,0.5,0.0,L
211,0.25,0.75,0.5,0.25,L
212,0.25,0.75,0.5,0.5,R
213,0.25,0.75,0.5,0.75,R
214,0.25,0.75,0.5,1.0,R
215,0.25,0.75,0.75,0.0,L
216,0.25,0.75,0.75,0.25,B
217,0.25,0.75,0.75,0.5,R
218,0.25,0.75,0.75,0.75,R
219,0.25,0.75,0.75,1.0,R
220,0.25,0.75,1.0,0.0,L
221,0.25,0.75,1.0,0.25,R
222,0.25,0.75,1.0,0.5,R
223,0.25,0.75,1.0,0.75,R
224,0.25,0.75,1.0,1.0,R
225,0.25,1.0,0.0,0.0,L
226,0.25,1.0,0.0,0.25,L
227,0.25,1.0,0.0,0.5,L
228,0.25,1.0,0.0,0.75,L
229,0.25,1.0,0.0,1.0,L
230,0.25,1.0,0.25,0.0,L
231,0.25,1.0,0.25,0.25,L
232,0.25,1.0,0.25,0.5,L
233,0.25,1.0,0.25,0.75,L
234,0.25,1.0,0.25,1.0,B
235,0.25,1.0,0.5,0.0,L
236,0.25,1.0,0.5,0.25,L
237,0.25,1.0,0.5,0.5,L
238,0.25,1.0,0.5,0.75,R
239,0.25,1.0,0.5,1.0,R
240,0.25,1.0,0.75,0.0,L
241,0.25,1.0,0.75,0.25,L
242,0.25,1.0,0.75,0.5,R
243,0.25,1.0,0.75,0.75,R
244,0.25,1.0,0.75,1.0,R
245,0.25,1.0,1.0,0.0,L
246,0.25,1.0,1.0,0.25,B
247,0.25,1.0,1.0,0.5,R
248,0.25,1.0,1.0,0.75,R
249,0.25,1.0,1.0,1.0,R
250,0.5,0.0,0.0,0.0,L
251,0.5,0.0,0.0,0.25,L
252,0.5,0.0,0.0,0.5,B
253,0.5,0.0,0.0,0.75,R
254,0.5,0.0,0.0,1.0,R
255,0.5,0.0,0.25,0.0,L
256,0.5,0.0,0.25,0.25,R
257,0.5,0.0,0.25,0.5,R
258,0.5,0.0,0.25,0.75,R
259,0.5,0.0,0.25,1.0,R
260,0.5,0.0,0.5,0.0,B
261,0.5,0.0,0.5,0.25,R
262,0.5,0.0,0.5,0.5,R
263,0.5,0.0,0.5,0.75,R
264,0.5,0.0,0.5,1.0,R
265,0.5,0.0,0.75,0.0,R
266,0.5,0.0,0.75,0.25,R
267,0.5,0.0,0.75,0.5,R
268,0.5,0.0,0.75,0.75,R
269,0.5,0.0,0.75,1.0,R
270,0.5,0.0,1.0,0.0,R
271,0.5,0.0,1.0,0.25,R
272,0.5,0.0,1.0,0.5,R
273,0.5,0.0,1.0,0.75,R
274,0.5,0.0,1.0,1.0,R
275,0.5,0.25,0.0,0.0,L
276,0.5,0.25,0.0,0.25,L
277,0.5,0.25,0.0,0.5,L
278,0.5,0.25,0.0,0.75,L
279,0.5,0.25,0.0,1.0,L
280,0.5,0.25,0.25,0.0,L
281,0.5,0.25,0.25,0.25,L
282,0.5,0.25,0.25,0.5,B
283,0.5,0.25,0.25,0.75,R
284,0.5,0.25,0.25,1.0,R
285,0.5,0.25,0.5,0.0,L
286,0.5,0.25,0.5,0.25,B
287,0.5,0.25,0.5,0.5,R
288,0.5,0.25,0.5,0.75,R
289,0.5,0.25,0.5,1.0,R
290,0.5,0.25,0.75,0.0,L
291,0.5,0.25,0.75,0.25,R
292,0.5,0.25,0.75,0.5,R
293,0.5,0.25,0.75,0.75,R
294,0.5,0.25,0.75,1.0,R
295,0.5,0.25,1.0,0.0,L
296,0.5,0.25,1.0,0.25,R
297,0.5,0.25,1.0,0.5,R
298,0.5,0.25,1.0,0.75,R
299,0.5,0.25,1.0,1.0,R
300,0.5,0.5,0.0,0.0,L
301,0.5,0.5,0.0,0.25,L
302,0.5,0.5,0.0,0.5,L
303,0.5,0.5,0.0,0.75,L
304,0.5,0.5,0.0,1.0,L
305,0.5,0.5,0.25,0.0,L
306,0.5,0.5,0.25,0.25,L
307,0.5,0.5,0.25,0.5,L
308,0.5,0.5,0.25,0.75,L
309,0.5,0.5,0.25,1.0,R
310,0.5,0.5,0.5,0.0,L
311,0.5,0.5,0.5,0.25,L
312,0.5,0.5,0.5,0.5,B
313,0.5,0.5,0.5,0.75,R
314,0.5,0.5,0.5,1.0,R
315,0.5,0.5,0.75,0.0,L
316,0.5,0.5,0.75,0.25,L
317,0.5,0.5,0.75,0.5,R
318,0.5,0.5,0.75,0.75,R
319,0.5,0.5,0.75,1.0,R
320,0.5,0.5,1.0,0.0,L
321,0.5,0.5,1.0,0.25,R
322,0.5,0.5,1.0,0.5,R
323,0.5,0.5,1.0,0.75,R
324,0.5,0.5,1.0,1.0,R
325,0.5,0.75,0.0,0.0,L
326,0.5,0.75,0.0,0.25,L
327,0.5,0.75,0.0,0.5,L
328,0.5,0.75,0.0,0.75,L
329,0.5,0.75,0.0,1.0,L
330,0.5,0.75,0.25,0.0,L
331,0.5,0.75,0.25,0.25,L
332,0.5,0.75,0.25,0.5,L
333,0.5,0.75,0.25,0.75,L
334,0.5,0.75,0.25,1.0,L
335,0.5,0.75,0.5,0.0,L
336,0.5,0.75,0.5,0.25,L
337,0.5,0.75,0.5,0.5,L
338,0.5,0.75,0.5,0.75,B
339,0.5,0.75,0.5,1.0,R
340,0.5,0.75,0.75,0.0,L
341,0.5,0.75,0.75,0.25,L
342,0.5,0.75,0.75,0.5,B
343,0.5,0.75,0.75,0.75,R
344,0.5,0.75,0.75,1.0,R
345,0.5,0.75,1.0,0.0,L
346,0.5,0.75,1.0,0.25,L
347,0.5,0.75,1.0,0.5,R
348,0.5,0.75,1.0,0.75,R
349,0.5,0.75,1.0,1.0,R
350,0.5,1.0,0.0,0.0,L
351,0.5,1.0,0.0,0.25,L
352,0.5,1.0,0.0,0.5,L
353,0.5,1.0,0.0,0.75,L
354,0.5,1.0,0.0,1.0,L
355,0.5,1.0,0.25,0.0,L
356,0.5,1.0,0.25,0.25,L
357,0.5,1.0,0.25,0.5,L
358,0.5,1.0,0.25,0.75,L
359,0.5,1.0,0.25,1.0,L
360,0.5,1.0,0.5,0.0,L
361,0.5,1.0,0.5,0.25,L
362,0.5,1.0,0.5,0.5,L
363,0.5,1.0,0.5,0.75,L
364,0.5,1.0,0.5,1.0,B
365,0.5,1.0,0.75,0.0,L
366,0.5,1.0,0.75,0.25,L
367,0.5,1.0,0.75,0.5,L
368,0.5,1.0,0.75,0.75,R
369,0.5,1.0,0.75,1.0,R
370,0.5,1.0,1.0,0.0,L
371,0.5,1.0,1.0,0.25,L
372,0.5,1.0,1.0,0.5,B
373,0.5,1.0,1.0,0.75,R
374,0.5,1.0,1.0,1.0,R
375,0.75,0.0,0.0,0.0,L
376,0.75,0.0,0.0,0.25,L
377,0.75,0.0,0.0,0.5,L
378,0.75,0.0,0.0,0.75,B
379,0.75,0.0,0.0,1.0,R
380,0.75,0.0,0.25,0.0,L
381,0.75,0.0,0.25,0.25,B
382,0.75,0.0,0.25,0.5,R
383,0.75,0.0,0.25,0.75,R
384,0.75,0.0,0.25,1.0,R
385,0.75,0.0,0.5,0.0,L
386,0.75,0.0,0.5,0.25,R
387,0.75,0.0,0.5,0.5,R
388,0.75,0.0,0.5,0.75,R
389,0.75,0.0,0.5,1.0,R
390,0.75,0.0,0.75,0.0,B
391,0.75,0.0,0.75,0.25,R
392,0.75,0.0,0.75,0.5,R
393,0.75,0.0,0.75,0.75,R
394,0.75,0.0,0.75,1.0,R
395,0.75,0.0,1.0,0.0,R
396,0.75,0.0,1.0,0.25,R
397,0.75,0.0,1.0,0.5,R
398,0.75,0.0,1.0,0.75,R
399,0.75,0.0,1.0,1.0,R
400,0.75,0.25,0.0,0.0,L
401,0.75,0.25,0.0,0.25,L
402,0.75,0.25,0.0,0.5,L
403,0.75,0.25,0.0,0.75,L
404,0.75,0.25,0.0,1.0,L
405,0.75,0.25,0.25,0.0,L
406,0.75,0.25,0.25,0.25,L
407,0.75,0.25,0.25,0.5,L
408,0.75,0.25,0.25,0.75,B
409,0.75,0.25,0.25,1.0,R
410,0.75,0.25,0.5,0.0,L
411,0.75,0.25,0.5,0.25,L
412,0.75,0.25,0.5,0.5,R
413,0.75,0.25,0.5,0.75,R
414,0.75,0.25,0.5,1.0,R
415,0.75,0.25,0.75,0.0,L
416,0.75,0.25,0.75,0.25,B
417,0.75,0.25,0.75,0.5,R
418,0.75,0.25,0.75,0.75,R
419,0.75,0.25,0.75,1.0,R
420,0.75,0.25,1.0,0.0,L
421,0.75,0.25,1.0,0.25,R
422,0.75,0.25,1.0,0.5,R
423,0.75,0.25,1.0,0.75,R
424,0.75,0.25,1.0,1.0,R
425,0.75,0.5,0.0,0.0,L
426,0.75,0.5,0.0,0.25,L
427,0.75,0.5,0.0,0.5,L
428,0.75,0.5,0.0,0.75,L
429,0.75,0.5,0.0,1.0,L
430,0.75,0.5,0.25,0.0,L
431,0.75,0.5,0.25,0.25,L
432,0.75,0.5,0.25,0.5,L
433,0.75,0.5,0.25,0.75,L
434,0.75,0.5,0.25,1.0,L
435,0.75,0.5,0.5,0.0,L
436,0.75,0.5,0.5,0.25,L
437,0.75,0.5,0.5,0.5,L
438,0.75,0.5,0.5,0.75,B
439,0.75,0.5,0.5,1.0,R
440,0.75,0.5,0.75,0.0,L
441,0.75,0.5,0.75,0.25,L
442,0.75,0.5,0.75,0.5,B
443,0.75,0.5,0.75,0.75,R
444,0.75,0.5,0.75,1.0,R
445,0.75,0.5,1.0,0.0,L
446,0.75,0.5,1.0,0.25,L
447,0.75,0.5,1.0,0.5,R
448,0.75,0.5,1.0,0.75,R
449,0.75,0.5,1.0,1.0,R
450,0.75,0.75,0.0,0.0,L
451,0.75,0.75,0.0,0.25,L
452,0.75,0.75,0.0,0.5,L
453,0.75,0.75,0.0,0.75,L
454,0.75,0.75,0.0,1.0,L
455,0.75,0.75,0.25,0.0,L
456,0.75,0.75,0.25,0.25,L
457,0.75,0.75,0.25,0.5,L
458,0.75,0.75,0.25,0.75,L
459,0.75,0.75,0.25,1.0,L
460,0.75,0.75,0.5,0.0,L
461,0.75,0.75,0.5,0.25,L
462,0.75,0.75,0.5,0.5,L
463,0.75,0.75,0.5,0.75,L
464,0.75,0.75,0.5,1.0,L
465,0.75,0.75,0.75,0.0,L
466,0.75,0.75,0.75,0.25,L
467,0.75,0.75,0.75,0.5,L
468,0.75,0.75,0.75,0.75,B
469,0.75,0.75,0.75,1.0,R
470,0.75,0.75,1.0,0.0,L
471,0.75,0.75,1.0,0.25,L
472,0.75,0.75,1.0,0.5,L
473,0.75,0.75,1.0,0.75,R
474,0.75,0.75,1.0,1.0,R
475,0.75,1.0,0.0,0.0,L
476,0.75,1.0,0.0,0.25,L
477,0.75,1.0,0.0,0.5,L
478,0.75,1.0,0.0,0.75,L
479,0.75,1.0,0.0,1.0,L
480,0.75,1.0,0.25,0.0,L
481,0.75,1.0,0.25,0.25,L
482,0.75,1.0,0.25,0.5,L
483,0.75,1.0,0.25,0.75,L
484,0.75,1.0,0.25,1.0,L
485,0.75,1.0,0.5,0.0,L
486,0.75,1.0,0.5,0.25,L
487,0.75,1.0,0.5,0.5,L
488,0.75,1.0,0.5,0.75,L
489,0.75,1.0,0.5,1.0,L
490,0.75,1.0,0.75,0.0,L
491,0.75,1.0,0.75,0.25,L
492,0.75,1.0,0.75,0.5,L
493,0.75,1.0,0.75,0.75,L
494,0.75,1.0,0.75,1.0,B
495,0.75,1.0,1.0,0.0,L
496,0.75,1.0,1.0,0.25,L
497,0.75,1.0,1.0,0.5,L
498,0.75,1.0,1.0,0.75,B
499,0.75,1.0,1.0,1.0,R
500,1.0,0.0,0.0,0.0,L
501,1.0,0.0,0.0,0.25,L
502,1.0,0.0,0.0,0.5,L
503,1.0,0.0,0.0,0.75,L
504,1.0,0.0,0.0,1.0,B
505,1.0,0.0,0.25,0.0,L
506,1.0,0.0,0.25,0.25,L
507,1.0,0.0,0.25,0.5,R
508,1.0,0.0,0.25,0.75,R
509,1.0,0.0,0.25,1.0,R
510,1.0,0.0,0.5,0.0,L
511,1.0,0.0,0.5,0.25,R
512,1.0,0.0,0.5,0.5,R
513,1.0,0.0,0.5,0.75,R
514,1.0,0.0,0.5,1.0,R
515,1.0,0.0,0.75,0.0,L
516,1.0,0.0,0.75,0.25,R
517,1.0,0.0,0.75,0.5,R
518,1.0,0.0,0.75,0.75,R
519,1.0,0.0,0.75,1.0,R
520,1.0,0.0,1.0,0.0,B
521,1.0,0.0,1.0,0.25,R
522,1.0,0.0,1.0,0.5,R
523,1.0,0.0,1.0,0.75,R
524,1.0,0.0,1.0,1.0,R
525,1.0,0.25,0.0,0.0,L
526,1.0,0.25,0.0,0.25,L
527,1.0,0.25,0.0,0.5,L
528,1.0,0.25,0.0,0.75,L
529,1.0,0.25,0.0,1.0,L
530,1.0,0.25,0.25,0.0,L
531,1.0,0.25,0.25,0.25,L
532,1.0,0.25,0.25,0.5,L
533,1.0,0.25,0.25,0.75,L
534,1.0,0.25,0.25,1.0,B
535,1.0,0.25,0.5,0.0,L
536,1.0,0.25,0.5,0.25,L
537,1.0,0.25,0.5,0.5,L
538,1.0,0.25,0.5,0.75,R
539,1.0,0.25,0.5,1.0,R
540,1.0,0.25,0.75,0.0,L
541,1.0,0.25,0.75,0.25,L
542,1.0,0.25,0.75,0.5,R
543,1.0,0.25,0.75,0.75,R
544,1.0,0.25,0.75,1.0,R
545,1.0,0.25,1.0,0.0,L
546,1.0,0.25,1.0,0.25,B
547,1.0,0.25,1.0,0.5,R
548,1.0,0.25,1.0,0.75,R
549,1.0,0.25,1.0,1.0,R
550,1.0,0.5,0.0,0.0,L
551,1.0,0.5,0.0,0.25,L
552,1.0,0.5,0.0,0.5,L
553,1.0,0.5,0.0,0.75,L
554,1.0,0.5,0.0,1.0,L
555,1.0,0.5,0.25,0.0,L
556,1.0,0.5,0.25,0.25,L
557,1.0,0.5,0.25,0.5,L
558,1.0,0.5,0.25,0.75,L
559,1.0,0.5,0.25,1.0,L
560,1.0,0.5,0.5,0.0,L
561,1.0,0.5,0.5,0.25,L
562,1.0,0.5,0.5,0.5,L
563,1.0,0.5,0.5,0.75,L
564,1.0,0.5,0.5,1.0,B
565,1.0,0.5,0.75,0.0,L
566,1.0,0.5,0.75,0.25,L
567,1.0,0.5,0.75,0.5,L
568,1.0,0.5,0.75,0.75,R
569,1.0,0.5,0.75,1.0,R
570,1.0,0.5,1.0,0.0,L
571,1.0,0.5,1.0,0.25,L
572,1.0,0.5,1.0,0.5,B
573,1.0,0.5,1.0,0.75,R
574,1.0,0.5,1.0,1.0,R
575,1.0,0.75,0.0,0.0,L
576,1.0,0.75,0.0,0.25,L
577,1.0,0.75,0.0,0.5,L
578,1.0,0.75,0.0,0.75,L
579,1.0,0.75,0.0,1.0,L
580,1.0,0.75,0.25,0.0,L
581,1.0,0.75,0.25,0.25,L
582,1.0,0.75,0.25,0.5,L
583,1.0,0.75,0.25,0.75,L
584,1.0,0.75,0.25,1.0,L
585,1.0,0.75,0.5,0.0,L
586,1.0,0.75,0.5,0.25,L
587,1.0,0.75,0.5,0.5,L
588,1.0,0.75,0.5,0.75,L
589,1.0,0.75,0.5,1.0,L
590,1.0,0.75,0.75,0.0,L
591,1.0,0.75,0.75,0.25,L
592,1.0,0.75,0.75,0.5,L
593,1.0,0.75,0.75,0.75,L
594,1.0,0.75,0.75,1.0,B
595,1.0,0.75,1.0,0.0,L
596,1.0,0.75,1.0,0.25,L
597,1.0,0.75,1.0,0.5,L
598,1.0,0.75,1.0,0.75,B
599,1.0,0.75,1.0,1.0,R
600,1.0,1.0,0.0,0.0,L
601,1.0,1.0,0.0,0.25,L
602,1.0,1.0,0.0,0.5,L
603,1.0,1.0,0.0,0.75,L
604,1.0,1.0,0.0,1.0,L
605,1.0,1.0,0.25,0.0,L
606,1.0,1.0,0.25,0.25,L
607,1.0,1.0,0.25,0.5,L
608,1.0,1.0,0.25,0.75,L
609,1.0,1.0,0.25,1.0,L
610,1.0,1.0,0.5,0.0,L
611,1.0,1.0,0.5,0.25,L
612,1.0,1.0,0.5,0.5,L
613,1.0,1.0,0.5,0.75,L
614,1.0,1.0,0.5,1.0,L
615,1.0,1.0,0.75,0.0,L
616,1.0,1.0,0.75,0.25,L
617,1.0,1.0,0.75,0.5,L
618,1.0,1.0,0.75,0.75,L
619,1.0,1.0,0.75,1.0,L
620,1.0,1.0,1.0,0.0,L
621,1.0,1.0,1.0,0.25,L
622,1.0,1.0,1.0,0.5,L
623,1.0,1.0,1.0,0.75,L
624,1.0,1.0,1.0,1.0,B
